# twd97 在台灣不同地區的尺度
之前寫報告時找了 utm 投影的標準尺度會在哪，
因為近代流行割線投影，所以橫麥卡托的中央經線
不會是標準尺度，而是會被縮小造成尺度小於一。
我試著用簡單的幾何關係探討標準尺度線的位置，
發現以相割投影的地圖，標準尺度不會在一半，
而是較偏向邊界。

    ~:$ seq 121 0.1 122 | awk '{print $1,23; print $1,23.01}'| proj +init=epsg:3826 +ellps=GRS80 | sed '1~1N; s/\n/\t/' > twd97.tsv
    250000.00       2544283.12      250000.00       2555356.49
    260251.23       2544286.62      260243.66       2555360.00
    270502.49       2544297.11      270487.35       2555370.52
    280753.78       2544314.58      280731.08       2555388.05
    291005.15       2544339.05      290974.88       2555412.60
    301256.60       2544370.51      301218.76       2555444.17
    311508.16       2544408.97      311462.75       2555482.75
    321759.85       2544454.41      321706.87       2555528.35
    332011.69       2544506.85      331951.15       2555580.96
    342263.71       2544566.28      342195.59       2555640.60
    352515.92       2544632.70      352440.24       2555707.25
    362768.36       2544706.13      362685.10       2555780.91
    373021.03       2544786.54      372930.20       2555861.60
    383273.97       2544873.96      383175.56       2555949.31
    393527.19       2544968.37      393421.21       2556044.04
    403780.71       2545069.78      403667.15       2556145.80
    414034.57       2545178.20      413913.43       2556254.57
    424288.77       2545293.61      424160.05       2556370.38
    434543.34       2545416.03      434407.04       2556493.21
    444798.31       2545545.45      444654.43       2556623.07
    455053.69       2545681.89      454902.23       2556759.96
    ~:$ invgeod +init=epsg:3826 +ellps=GRS80
    23 121 23.1 121
    0d      -180d   11074.471
    ~:$ octave

#geomatics
#科普
#computer
